200
24 50
7 6
33 25
2 1
28 16
28 11
3 11
2 50
41 6
2 50
11 49
46 47
44 17
25 4
5 23
35 3
49 39
44 32
34 17
30 40
23 3
31 26
47 24
43 37
47 33
48 46
34 23
27 4
29 22
34 7
42 48
5 5
4 4
27 48
23 12
47 43
38 21
26 3
38 9
4 2
38 16
4 9
38 34
23 2
26 5
23 24
3 2
39 4
18 14
21 21
48 37
20 25
40 21
34 15
3 36
9 9
44 15
37 49
3 5
12 48
27 18
18 3
20 50
8 34
50 28
32 7
34 32
5 40
22 18
8 12
24 19
47 34
14 8
46 6
39 32
32 11
26 9
40 17
48 36
29 24
43 16
36 42
48 30
11 22
11 34
50 50
34 13
21 18
46 35
14 27
44 10
3 35
45 45
39 28
21 12
29 48
3 15
26 35
14 24
39 41
25 50
27 22
31 1
39 18
28 35
22 28
50 42
21 10
29 37
35 38
20 21
45 40
5 25
50 3
40 27
22 34
15 9
19 23
19 36
28 24
29 19
26 42
29 44
20 22
40 11
37 12
41 13
28 42
29 28
3 13
13 7
25 9
26 15
31 34
30 37
25 23
41 41
35 20
22 38
49 42
47 28
50 19
23 50
43 19
21 4
34 25
23 20
46 36
36 37
47 10
24 11
9 25
49 8
19 20
14 11
30 50
4 11
50 25
47 38
16 17
46 15
15 19
34 41
47 17
40 4
44 14
3 20
50 39
50 16
17 6
27 3
13 19
48 18
16 16
4 24
46 9
26 20
23 23
11 5
46 30
17 25
42 9
24 41
15 50
5 21
38 2
33 30
6 47
24 14
17 16
41 46
25 1
42 48
44 16
14 50
28 2
16 49
22 17
30 26
27 49
